0.000000,

8.341667
16.683333
25.025000
33.366667
41.708333
50.050000
58.391667
60.393667
66.800067
71.171100
76.276200
80.980900
84.751333
88.354933
92.092000
96.162733
104.504400
112.846067
121.187733
129.529400
137.871067
144.511033
152.852700
160.460300
166.666500
169.836333
174.140633
177.310467
178.645133
179.812967
182.482300
185.652133
193.993800
202.335467
210.677133
219.018800
226.659767
234.067167
240.607033
245.111533
253.453200
260.860600
269.202267
270.270000
278.111167
286.452833
294.794500
303.136167
305.571933
309.142167
314.147167
319.919600
323.856867
332.198533
340.540200
348.881867
356.022333
363.763400
372.105067
380.446733
388.788400
396.796400
405.138067
410.143067
418.484733
426.826400
435.168067
443.509733
445.044600
453.386267
461.727933
470.069600
478.411267
483.950133
492.291800
500.633467
508.975133
517.316800
525.091233
533.432900
538.137600
546.012133
549.815933
558.157600
565.965400
571.504267
579.812567
584.684100
587.620367
593.159233
598.564633
606.072133
613.946667
620.219600
627.927300
636.268967
644.610633
652.952300
661.293967
668.734733
677.043033
682.948933
688.287600
696.395700
703.669633
711.010300
719.351967
727.693633
736.035300
743.142400
751.484067
754.320233
762.661900
771.003567
777.710267
786.051933
794.393600
801.534067
809.875733
818.217400
826.559067
834.900733
837.002833
845.344500
853.686167
857.423233
865.764900
871.237033
879.578700
884.350133
892.691800
901.033467
909.375133
917.249667
925.591333
933.933000
942.274667
950.616333
958.824533
967.166200
975.507867
983.849533
992.191200
1000.532867
1008.874533
1017.216200
1025.557867
1033.899533
1042.241200
1050.582867
1056.855800
1063.462400
1071.804067
1080.145733
1082.381300
1084.950533
1093.292200
1101.633867
1109.975533
1118.317200
1126.458667
1134.766967
1143.108633
1151.450300
1159.791967
1168.133633
1175.407567
1183.749233
1192.090900
1200.432567
1208.774233
1213.679133
1214.713500
1223.055167
1231.396833
1239.738500
1248.080167
1256.421833
1264.763500
1273.105167
1275.173900
1283.515567
1291.857233
1300.198900
1308.540567
1316.882233
1325.223900
1333.565567
1337.736400
1341.707033
1349.715033
1358.056700
1364.596567
1370.102067
1377.909867
1386.251533
1394.593200
1400.966233
1409.307900
1414.913500
1421.653567
1427.359267
1435.700933
1444.042600
1452.384267
1460.725933
1468.900767
1476.741933
1485.083600
1493.425267
1501.766933
1510.108600
1518.450267
1525.957767
1534.299433
1542.641100
1550.982767
1559.324433
1567.666100
1572.437533
1580.779200
1589.120867
1597.462533
1605.804200
1614.145867
1622.487533
1630.829200
1639.170867
1646.611633
1653.551900
1659.758100
1668.099767
1676.441433
1682.280600
1690.622267
1698.963933
1706.771733
1715.113400
1722.854467
1726.257867
1729.761367
1738.103033
1744.676267
1749.447700
1757.789367
1764.395967
1771.669900
1780.011567
1788.353233
1796.694900
1804.903100
1812.243767
1820.585433
1828.927100
1834.332500
1842.674167
1851.015833
1859.357500
1867.699167
1875.373500
1881.112567
1887.118567
1891.890000
1896.694800
1905.036467
1913.378133
1921.719800
1930.061467
1932.897633
1941.239300
1944.509233
1952.850900
1961.192567
1969.534233
1977.875900
1986.217567
1994.559233
2002.900900
2011.242567
2019.584233
2027.925900
2036.267567
2044.609233
2052.950900
2061.292567
2069.634233
2075.273200
2083.614867
2091.956533
2100.164733
2104.435667
2112.777333
2121.119000
2129.460667
2137.802333
2142.473667
2150.815333
2155.653500
2163.995167
2172.336833
2180.678500
2189.020167
2191.822967
2200.164633
2207.972433
2215.479933
2223.821600
2228.626400
2236.968067
2245.309733
2253.651400
2261.993067
2264.495567
2272.837233
2281.178900
2289.520567
2297.862233
2306.203900
2314.545567
2322.887233
2331.228900
2339.570567
2347.912233
2356.253900
2364.595567
2372.937233
2379.910867
2388.252533
2396.594200
2404.935867
2413.277533
2421.619200
2429.960867
2438.302533
2446.644200
2451.549100
2458.155700
2465.629833
2472.536733
2479.577100
2487.051233
2493.324167
2499.997500
2508.339167
2514.845667
2516.046867
2524.388533
2532.730200
2541.071867
2549.413533
2557.755200
2561.125233
2569.466900
2577.808567
2586.150233
2590.421167
2598.762833
2607.104500
2614.111500
2620.417800
2625.556267
2630.728100
2636.300333
2644.642000
2652.983667
2661.325333
2669.667000
2678.008667
2681.412067
2689.720367
2698.062033
2705.202500
2713.077033
2720.350967
2726.857467
2735.199133
2743.540800
2751.882467
2760.224133
2768.565800
2772.136033
2780.477700
2788.819367
2797.161033
2805.502700
2809.373233
2817.714900
2826.056567
2834.398233
2842.739900
2851.081567
2859.423233
2867.764900
2870.968100
2879.309767
2887.651433
2895.993100
2904.334767
2912.676433
2921.018100
2924.454867
2930.327400
2938.669067
2947.010733
2955.352400
2957.988367
2966.330033
2974.671700
2983.013367
2991.355033
2999.696700
3008.038367
3016.380033
3023.854167
3031.495133
3034.197833
3041.371667
3044.408033
3049.713333
3058.055000
3061.558500
3067.431033
3073.203467
3078.208467
3080.143733
3082.245833
3083.914167
3089.186100
3092.322567
3094.758333
3098.095000
3104.801700
3110.907800
3117.047267
3123.220100
3127.257467
3131.461667
3138.668867
3142.372567
3145.242100
3146.610133
3149.813333
3155.018533
3160.290467
3165.662500
3168.832333
3173.136633
3177.908067
3182.345833
3184.848333
3187.717867
3190.687500
3193.190000
3195.225367
3197.694500
3199.095900
3202.365833
3205.969433
3213.210000
3219.649767
3226.690133
3232.395833
3240.270367
3247.410833
3251.214633
3257.420833
3260.790867
3267.430833
3274.037433
3282.379100
3285.715767
3289.486200
3297.827867
3306.136167
3310.073433
3318.415100
3326.756767
3335.098433
3343.239900
3351.581567
3354.351000
3362.692667
3369.966600
3378.308267
3386.649933
3394.991600
3403.333267
3411.674933
3420.016600
3428.358267
3436.699933
3444.474367
3451.147700
3459.489367
3467.831033
3475.538733
3480.743933
3489.085600
3497.427267
3505.768933
3511.808300
3517.680833
3526.022500
3534.364167
3536.966767
3545.308433
3553.650100
3561.991767
3570.333433
3578.675100
3587.016767
3595.358433
3601.898300
3605.301700
3613.643367
3621.985033
3630.293333
3638.635000
3646.976667
3650.213233
3656.219233
3664.560900
3671.034033
3678.307967
3685.648633
3692.922567
3696.359333
3698.995300
3707.336967
3715.678633
3724.020300
3732.361967
3740.703633
3749.045300
3757.386967
3763.059300
3771.400967
3779.742633
3788.084300
3795.758633
3802.131667
3810.139667
3818.481333
3820.850367
3829.192033
3837.533700
3845.875367
3854.217033
3862.558700
3867.763900
3871.934733
3880.276400
3888.618067
3896.959733
3905.301400
3913.643067
3921.984733
3930.326400
3938.668067
3947.009733
3954.717433
3963.059100
3971.400767
3979.475500
3985.047733
3993.389400
4001.731067
4010.072733
4018.414400
4026.756067
4035.097733
4043.439400
4051.781067
4060.122733
4062.992267
4071.333933
4079.675600
4088.017267
4096.358933
4104.700600
4113.042267
4121.383933
4124.587133
4132.928800
4139.268467
4145.107633
4153.449300
4161.023533
4169.131633
4177.473300
4185.814967
4194.156633
4202.498300
4210.839967
4219.181633
4227.523300
4234.630400
4242.972067
4251.313733
4259.655400
4267.997067
4274.870600
4283.212267
4289.518567
4296.625667
4304.967333
4313.309000
4321.617300
4328.924600
4335.497833
4341.303633
4349.178167
4356.852500
4363.025333
4368.530833
4372.067700
4376.672300
4385.013967
4391.520467
4397.192800
4404.733667
4406.735667
4415.077333
4423.419000
4431.760667
4440.102333
4446.742300
4455.083967
4463.425633
4471.767300
4480.108967
4488.450633
4496.792300
4505.133967
4506.468633
4514.810300
4523.151967
4531.493633
4539.835300
